Distance on line [m], x-coordinate [m], y-coordinate [m], Velocity magnitude [m/s]
0,0.09208605499,0.1750778635,0.4927077692
0.0001851404189,0.09208881797,0.1752629833,0.4953136671
0.0003702808378,0.09209158096,0.1754481031,0.4979174924
0.0005554212566,0.09209434394,0.1756332229,0.500519317
0.0007405616755,0.09209710692,0.1758183427,0.5031191394
0.0009257020944,0.0920998699,0.1760034625,0.5057169381
0.001110842513,0.09210263288,0.1761885823,0.5083127731
0.001295982932,0.09210539587,0.1763737021,0.5109065902
0.001481123351,0.09210815885,0.1765588219,0.5134979053
0.00166626377,0.09211092183,0.1767439417,0.5161653395
0.001851404189,0.09211368481,0.1769290615,0.5193047571
0.002036544608,0.09211644779,0.1771141813,0.5225092705
0.002221685027,0.09211921078,0.1772993011,0.5257053122
0.002406825445,0.09212197376,0.1774844209,0.5289001853
0.002591965864,0.09212473674,0.1776695407,0.532093876
0.002777106283,0.09212749972,0.1778546605,0.5352864535
0.002962246702,0.0921302627,0.1780397803,0.5384779847
0.003147387121,0.09213302569,0.1782249001,0.5416685368
0.00333252754,0.09213578867,0.1784100199,0.5448580431
0.003517667959,0.09213855165,0.1785951397,0.5480462782
0.003702808378,0.09214131463,0.1787802595,0.55123327
0.003887948796,0.09214407761,0.1789653793,0.5544190532
0.004073089215,0.0921468406,0.1791504991,0.5576047123
0.004258229634,0.09214960358,0.1793356189,0.5608031314
0.004443370053,0.09215236656,0.1795207387,0.5640064415
0.004628510472,0.09215512954,0.1797058585,0.5672120237
0.004813650891,0.09215789253,0.1798909783,0.570420124
0.00499879131,0.09216065551,0.1800760981,0.5736308052
0.005183931729,0.09216341849,0.1802612179,0.5768439327
0.005369072147,0.09216618147,0.1804463377,0.5800597073
0.005554212566,0.09216894445,0.1806314575,0.5832779732
0.005739352985,0.09217170744,0.1808165773,0.5864988262
0.005924493404,0.09217447042,0.1810016971,0.589722157
0.006109633823,0.0921772334,0.1811868169,0.5929480391
0.006294774242,0.09217999638,0.1813719367,0.5961764779
0.006479914661,0.09218275936,0.1815570565,0.5993868526
0.00666505508,0.09218552235,0.1817421763,0.6021223982
0.006850195498,0.09218828533,0.1819272961,0.6047427191
0.007035335917,0.09219104831,0.1821124159,0.6073731971
0.007220476336,0.09219381129,0.1822975357,0.6100045573
0.007405616755,0.09219657427,0.1824826555,0.6126367169
0.007590757174,0.09219933726,0.1826677753,0.6152698211
0.007775897593,0.09220210024,0.1828528951,0.6179037158
0.007961038012,0.09220486322,0.1830380149,0.6205385306
0.008146178431,0.0922076262,0.1832231347,0.6231742239
0.008331318849,0.09221038919,0.1834082545,0.6258107326
0.008516459268,0.09221315217,0.1835933743,0.6284481472
0.008701599687,0.09221591515,0.1837784941,0.6310864194
0.008886740106,0.09221867813,0.1839636139,0.6337255605
0.009071880525,0.09222144111,0.1841487337,0.6363498125
0.009257020944,0.0922242041,0.1843338535,0.6389695058
0.009442161363,0.09222696708,0.1845189733,0.6415896891
0.009627301782,0.09222973006,0.1847040931,0.6442100561
0.0098124422,0.09223249304,0.1848892129,0.6468307208
0.009997582619,0.09223525602,0.1850743327,0.6494515712
0.01018272304,0.09223801901,0.1852594525,0.6520726038
0.01036786346,0.09224078199,0.1854445723,0.654693829
0.01055300388,0.09224354497,0.1856296921,0.6573153455
0.01073814429,0.09224630795,0.1858148119,0.6599370221
0.01092328471,0.09224907093,0.1859999317,0.6625589174
0.01110842513,0.09225183392,0.1861850515,0.6651810173
0.01129356555,0.0922545969,0.1863701713,0.6678088718
0.01147870597,0.09225735988,0.1865552911,0.6702503141
0.01166384639,0.09226012286,0.1867404109,0.6726167918
0.01184898681,0.09226288585,0.1869255307,0.6749861069
0.01203412723,0.09226564883,0.1871106505,0.6773554144
0.01221926765,0.09226841181,0.1872957703,0.6797245931
0.01240440806,0.09227117479,0.1874808901,0.6820937715
0.01258954848,0.09227393777,0.1876660099,0.6844628596
0.0127746889,0.09227670076,0.1878511297,0.6868319022
0.01295982932,0.09227946374,0.1880362495,0.6892008523
0.01314496974,0.09228222672,0.1882213693,0.6915698163
0.01333011016,0.0922849897,0.1884064891,0.6939386798
0.01351525058,0.09228775268,0.1885916089,0.6963075086
0.013700391,0.09229051567,0.1887767287,0.6986724882
0.01388553142,0.09229327865,0.1889618485,0.7011106608
0.01407067183,0.09229604163,0.1891469683,0.7035856027
0.01425581225,0.09229880461,0.1893320881,0.7060589766
0.01444095267,0.09230156759,0.1895172079,0.7085313558
0.01462609309,0.09230433058,0.1897023277,0.7110026851
0.01481123351,0.09230709356,0.1898874475,0.713472902
0.01499637393,0.09230985654,0.1900725673,0.7159421146
0.01518151435,0.09231261952,0.1902576871,0.718410261
0.01536665477,0.09231538251,0.1904428069,0.7208773441
0.01555179519,0.09231814549,0.1906279267,0.7233434183
0.0157369356,0.09232090847,0.1908130465,0.725808411
0.01592207602,0.09232367145,0.1909981663,0.7282724111
0.01610721644,0.09232643443,0.1911832861,0.7307352869
0.01629235686,0.09232919742,0.1913684059,0.7331980632
0.01647749728,0.0923319604,0.1915535257,0.7356618646
0.0166626377,0.09233472338,0.1917386455,0.7381265928
0.01684777812,0.09233748636,0.1919237653,0.7405921831
0.01703291854,0.09234024934,0.1921088851,0.7430586767
0.01721805896,0.09234301233,0.1922940049,0.7455260471
0.01740319937,0.09234577531,0.1924791247,0.7479942751
0.01758833979,0.09234853829,0.1926642445,0.7504633649
0.01777348021,0.09235130127,0.1928493643,0.7529333012
0.01795862063,0.09235406425,0.1930344842,0.7554041788
0.01814376105,0.09235682724,0.193219604,0.7578759124
0.01832890147,0.09235959022,0.1934047238,0.7603485122
0.01851404189,0.0923623532,0.1935898436,0.7628210836
0.01869918231,0.09236511618,0.1937749634,0.7653063321
0.01888432273,0.09236787917,0.1939600832,0.7678024576
0.01906946314,0.09237064215,0.194145203,0.7702998995
0.01925460356,0.09237340513,0.1943303228,0.7727981628
0.01943974398,0.09237616811,0.1945154426,0.7752972992
0.0196248844,0.09237893109,0.1947005624,0.7777973289
0.01981002482,0.09238169408,0.1948856822,0.7802982094
0.01999516524,0.09238445706,0.195070802,0.7827999866
0.02018030566,0.09238722004,0.1952559218,0.7853026325
0.02036544608,0.09238998302,0.1954410416,0.7878061396
0.0205505865,0.092392746,0.1956261614,0.790310538
0.02073572691,0.09239550899,0.1958112812,0.7928158012
0.02092086733,0.09239827197,0.195996401,0.7953441827
0.02110600775,0.09240103495,0.1961815208,0.7975930673
0.02129114817,0.09240379793,0.1963666406,0.7995287955
0.02147628859,0.09240656091,0.1965517604,0.8014469022
0.02166142901,0.0924093239,0.1967368802,0.8033655358
0.02184656943,0.09241208688,0.196922,0.8052846998
0.02203170985,0.09241484986,0.1971071198,0.8072044422
0.02221685027,0.09241761284,0.1972922396,0.8091247205
0.02240199068,0.09242037583,0.1974773594,0.8110455604
0.0225871311,0.09242313881,0.1976624792,0.8129669637
0.02277227152,0.09242590179,0.197847599,0.8148888604
0.02295741194,0.09242866477,0.1980327188,0.8168113029
0.02314255236,0.09243142775,0.1982178386,0.818734285
0.02332769278,0.09243419074,0.1984029584,0.8206665002
0.0235128332,0.09243695372,0.1985880782,0.8224874269
0.02369797362,0.0924397167,0.198773198,0.8241417368
0.02388311403,0.09244247968,0.1989583178,0.8257827952
0.02406825445,0.09244524266,0.1991434376,0.8274249583
0.02425339487,0.09244800565,0.1993285574,0.8290679708
0.02443853529,0.09245076863,0.1995136772,0.8307117797
0.02462367571,0.09245353161,0.199698797,0.8323564329
0.02480881613,0.09245629459,0.1998839168,0.8340018293
0.02499395655,0.09245905757,0.2000690366,0.8356480704
0.02517909697,0.09246182056,0.2002541564,0.8372951221
0.02536423739,0.09246458354,0.2004392762,0.8389429436
0.0255493778,0.09246734652,0.200624396,0.8405916368
0.02573451822,0.0924701095,0.2008095158,0.8422647566
0.02591965864,0.09247287248,0.2009946356,0.8436058928
0.02610479906,0.09247563547,0.2011797554,0.8442720042
0.02628993948,0.09247839845,0.2013648752,0.8448613123
0.0264750799,0.09248116143,0.201549995,0.8454589009
0.02666022032,0.09248392441,0.2017351148,0.8460602725
0.02684536074,0.0924866874,0.2019202346,0.8466654529
0.02703050116,0.09248945038,0.2021053544,0.8472743977
0.02721564157,0.09249221336,0.2022904742,0.8478871546
0.02740078199,0.09249497634,0.202475594,0.8485036956
0.02758592241,0.09249773932,0.2026607138,0.8491240038
0.02777106283,0.09250050231,0.2028458336,0.8497481247
0.02795620325,0.09250326529,0.2030309534,0.8503760169
0.02814134367,0.09250602827,0.2032160732,0.85099852
0.02832648409,0.09250879125,0.203401193,0.8517840334
0.02851162451,0.09251155423,0.2035863128,0.8530254703
0.02869676493,0.09251431722,0.2037714326,0.8543418539
0.02888190534,0.0925170802,0.2039565524,0.8556543964
0.02906704576,0.09251984318,0.2041416722,0.8569685474
0.02925218618,0.09252260616,0.204326792,0.8582843914
0.0294373266,0.09252536914,0.2045119118,0.8596019029
0.02962246702,0.09252813213,0.2046970316,0.8609211575
0.02980760744,0.09253089511,0.2048821514,0.8622420189
0.02999274786,0.09253365809,0.2050672712,0.8635645693
0.03017788828,0.09253642107,0.205252391,0.8648887992
0.0303630287,0.09253918406,0.2054375108,0.8662146931
0.03054816911,0.09254194704,0.2056226306,0.8675372863
0.03073330953,0.09254471002,0.2058077504,0.8689949904
0.03091844995,0.092547473,0.2059928702,0.8710054701
0.03110359037,0.09255023598,0.20617799,0.8731319356
0.03128873079,0.09255299897,0.2063631098,0.8752463385
0.03147387121,0.09255576195,0.2065482296,0.8773591932
0.03165901163,0.09255852493,0.2067333494,0.8794703387
0.03184415205,0.09256128791,0.2069184692,0.881579821
0.03202929247,0.09256405089,0.207103589,0.8836876011
0.03221443288,0.09256681388,0.2072887088,0.885793774
0.0323995733,0.09256957686,0.2074738286,0.8878982079
0.03258471372,0.09257233984,0.2076589484,0.89000102
0.03276985414,0.09257510282,0.2078440682,0.8921021359
0.03295499456,0.0925778658,0.208029188,0.8942020475
0.03314013498,0.09258062879,0.2082143078,0.8962680929
0.0333252754,0.09258339177,0.2083994276,0.8981294905
0.03351041582,0.09258615475,0.2085845474,0.8999345429
0.03369555624,0.09258891773,0.2087696672,0.9017440473
0.03388069665,0.09259168072,0.208954787,0.9035530212
0.03406583707,0.0925944437,0.2091399068,0.905361501
0.03425097749,0.09259720668,0.2093250266,0.9071693834
0.03443611791,0.09259996966,0.2095101464,0.9089767245
0.03462125833,0.09260273264,0.2096952662,0.9107835923
0.03480639875,0.09260549563,0.209880386,0.9125898732
0.03499153917,0.09260825861,0.2100655058,0.9143956389
0.03517667959,0.09261102159,0.2102506256,0.9162008147
0.03536182001,0.09261378457,0.2104357454,0.918005523
0.03554696042,0.09261654755,0.2106208652,0.9197862254
0.03573210084,0.09261931054,0.210805985,0.9213237619
0.03591724126,0.09262207352,0.2109911048,0.9227761785
0.03610238168,0.0926248365,0.2111762246,0.9242348634
0.0362875221,0.09262759948,0.2113613444,0.9256924533
0.03647266252,0.09263036246,0.2115464642,0.9271490508
0.03665780294,0.09263312545,0.211731584,0.9286045914
0.03684294336,0.09263588843,0.2119167038,0.9300590275
0.03702808378,0.09263865141,0.2121018236,0.9315124912
0.03721322419,0.09264141439,0.2122869434,0.9329648389
0.03739836461,0.09264417738,0.2124720632,0.9344161845
0.03758350503,0.09264694036,0.212657183,0.9358664751
0.03776864545,0.09264970334,0.2128423028,0.9373157117
0.03795378587,0.09265246632,0.2130274226,0.9387413455
0.03813892629,0.0926552293,0.2132125424,0.9397062278
0.03832406671,0.09265799229,0.2133976622,0.9404708711
0.03850920713,0.09266075527,0.213582782,0.9412495659
0.03869434754,0.09266351825,0.2137679018,0.9420268451
0.03887948796,0.09266628123,0.2139530216,0.9428027555
0.03906462838,0.09266904421,0.2141381414,0.9435772139
0.0392497688,0.0926718072,0.2143232612,0.944350263
0.03943490922,0.09267457018,0.214508381,0.9451219698
0.03962004964,0.09267733316,0.2146935008,0.9458922342
0.03980519006,0.09268009614,0.2148786206,0.9466611058
0.03999033048,0.09268285912,0.2150637404,0.9474285787
0.0401754709,0.09268562211,0.2152488602,0.9481946146
0.04036061131,0.09268838509,0.21543398,0.9489550166
0.04054575173,0.09269114807,0.2156190998,0.9492479864
0.04073089215,0.09269391105,0.2158042196,0.9492917071
0.04091603257,0.09269667404,0.2159893394,0.9493505334
0.04110117299,0.09269943702,0.2161744592,0.9494086932
0.04128631341,0.0927022,0.216359579,0.9494661652
0.04147145383,0.09270496298,0.2165446988,0.9495228877
0.04165659425,0.09270772596,0.2167298186,0.9495789721
0.04184173467,0.09271048895,0.2169149384,0.9496342973
0.04202687508,0.09271325193,0.2171000582,0.9496889748
0.0422120155,0.09271601491,0.217285178,0.9497428911
0.04239715592,0.09271877789,0.2174702978,0.9497961345
0.04258229634,0.09272154087,0.2176554177,0.9498487351
0.04276743676,0.09272430386,0.2178405375,0.9499067105
0.04295257718,0.09272706684,0.2180256573,0.9496999259
0.0431377176,0.09272982982,0.2182107771,0.9493213192
0.04332285802,0.0927325928,0.2183958969,0.94895166
0.04350799844,0.09273535578,0.2185810167,0.948583217
0.04369313885,0.09273811877,0.2187661365,0.9482159902
0.04387827927,0.09274088175,0.2189512563,0.9478499664
0.04406341969,0.09274364473,0.2191363761,0.9474851226
0.04424856011,0.09274640771,0.2193214959,0.9471215485
0.04443370053,0.0927491707,0.2195066157,0.9467591862
0.04461884095,0.09275193368,0.2196917355,0.9463980432
0.04480398137,0.09275469666,0.2198768553,0.9460381105
0.04498912179,0.09275745964,0.2200619751,0.9456794009
0.04517426221,0.09276022262,0.2202470949,0.9453206311
0.04535940262,0.09276298561,0.2204322147,0.9449895526
0.04554454304,0.09276574859,0.2206173345,0.9446794858
0.04572968346,0.09276851157,0.2208024543,0.9443684391
0.04591482388,0.09277127455,0.2209875741,0.9440567226
0.0460999643,0.09277403753,0.2211726939,0.943744423
0.04628510472,0.09277680052,0.2213578137,0.9434314511
0.04647024514,0.0927795635,0.2215429335,0.9431179157
0.04665538556,0.09278232648,0.2217280533,0.9428037627
0.04684052598,0.09278508946,0.2219131731,0.9424889927
0.04702566639,0.09278785244,0.2220982929,0.94217355
0.04721080681,0.09279061543,0.2222834127,0.9418575489
0.04739594723,0.09279337841,0.2224685325,0.9415408868
0.04758108765,0.09279614139,0.2226536523,0.9412379603
0.04776622807,0.09279890437,0.2228387721,0.940710568
0.04795136849,0.09280166735,0.2230238919,0.939960492
0.04813650891,0.09280443034,0.2232090117,0.9392055697
0.04832164933,0.09280719332,0.2233941315,0.9384481253
0.04850678975,0.0928099563,0.2235792513,0.9376881704
0.04869193016,0.09281271928,0.2237643711,0.9369257021
0.04887707058,0.09281548227,0.2239494909,0.9361606695
0.049062211,0.09281824525,0.2241346107,0.9353931753
0.04924735142,0.09282100823,0.2243197305,0.934623124
0.04943249184,0.09282377121,0.2245048503,0.9338505556
0.04961763226,0.09282653419,0.2246899701,0.9330754308
0.04980277268,0.09282929718,0.2248750899,0.932297804
0.0499879131,0.09283206016,0.2250602097,0.9315799206
0.05017305352,0.09283482314,0.2252453295,0.9300331467
0.05035819393,0.09283758612,0.2254304493,0.9274730067
0.05054333435,0.0928403491,0.2256155691,0.9248691617
0.05072847477,0.09284311209,0.2258006889,0.9222648213
0.05091361519,0.09284587507,0.2259858087,0.9196599322
0.05109875561,0.09284863805,0.2261709285,0.9170545762
0.05128389603,0.09285140103,0.2263560483,0.9144486273
0.05146903645,0.09285416401,0.2265411681,0.9118422074
0.05165417687,0.092856927,0.2267262879,0.9092352794
0.05183931729,0.09285968998,0.2269114077,0.9066278351
0.0520244577,0.09286245296,0.2270965275,0.9040198871
0.05220959812,0.09286521594,0.2272816473,0.9014114212
0.05239473854,0.09286797893,0.2274667671,0.8991892043
0.05257987896,0.09287074191,0.2276518869,0.8921987927
0.05276501938,0.09287350489,0.2278370067,0.87782395
0.0529501598,0.09287626787,0.2280221265,0.8628835252
0.05313530022,0.09287903085,0.2282072463,0.8479430665
0.05332044064,0.09288179384,0.2283923661,0.8330027123
0.05350558106,0.09288455682,0.2285774859,0.8180624257
0.05369072147,0.0928873198,0.2287626057,0.8031221285
0.05387586189,0.09289008278,0.2289477255,0.7881818693
0.05406100231,0.09289284576,0.2291328453,0.7732416941
0.05424614273,0.09289560875,0.2293179651,0.7583015503
0.05443128315,0.09289837173,0.2295030849,0.7433614251
0.05461642357,0.09290113471,0.2296882047,0.7284213934
0.05480156399,0.09290389769,0.2298733245,0.7129466377
0.05498670441,0.09290666067,0.2300584443,0.7040223077
0.05517184482,0.09290942366,0.2302435641,0.7081372789
0.05535698524,0.09291218664,0.2304286839,0.7137910222
