Distance on line [m], x-coordinate [m], y-coordinate [m], Velocity magnitude [m/s]
0,0.09800338202,0.1901204745,0.4818196645
0.0001976062806,0.09800338202,0.1903180808,0.4854014113
0.0003952125611,0.09800338202,0.190515687,0.4889831578
0.0005928188417,0.09800338202,0.1907132933,0.4925649049
0.0007904251223,0.09800338202,0.1909108996,0.4961466606
0.0009880314029,0.09800338202,0.1911085059,0.4997415957
0.001185637683,0.09800338202,0.1913061122,0.503159148
0.001383243964,0.09800338202,0.1915037184,0.5063255016
0.001580850245,0.09800338202,0.1917013247,0.5094767914
0.001778456525,0.09800338202,0.191898931,0.5126288335
0.001976062806,0.09800338202,0.1920965373,0.5157808805
0.002173669086,0.09800338202,0.1922941436,0.5189328743
0.002371275367,0.09800338202,0.1924917498,0.5220849045
0.002568881647,0.09800338202,0.1926893561,0.5252369439
0.002766487928,0.09800338202,0.1928869624,0.5283889945
0.002964094209,0.09800338202,0.1930845687,0.5315409916
0.003161700489,0.09800338202,0.193282175,0.5346930139
0.00335930677,0.09800338202,0.1934797812,0.537845059
0.00355691305,0.09800338202,0.1936773875,0.5410142548
0.003754519331,0.09800338202,0.1938749938,0.5439189833
0.003952125611,0.09800338202,0.1940726001,0.5462957016
0.004149731892,0.09800338202,0.1942702064,0.5486276646
0.004347338173,0.09800338202,0.1944678126,0.5509632443
0.004544944453,0.09800338202,0.1946654189,0.5532987889
0.004742550734,0.09800338202,0.1948630252,0.5556343403
0.004940157014,0.09800338202,0.1950606315,0.5579699143
0.005137763295,0.09800338202,0.1952582378,0.5603054472
0.005335369575,0.09800338202,0.195455844,0.5626410228
0.005532975856,0.09800338202,0.1956534503,0.5649765351
0.005730582137,0.09800338202,0.1958510566,0.567312106
0.005928188417,0.09800338202,0.1960486629,0.5696476375
0.006125794698,0.09800338202,0.1962462692,0.5719747459
0.006323400978,0.09800338202,0.1964438755,0.5744745988
0.006521007259,0.09800338202,0.1966414817,0.5774750213
0.006718613539,0.09800338202,0.196839088,0.5805334123
0.00691621982,0.09800338202,0.1970366943,0.5835862516
0.007113826101,0.09800338202,0.1972343006,0.5866390865
0.007311432381,0.09800338202,0.1974319069,0.5896919155
0.007509038662,0.09800338202,0.1976295131,0.5927448019
0.007706644942,0.09800338202,0.1978271194,0.5957976478
0.007904251223,0.09800338202,0.1980247257,0.5988504713
0.008101857503,0.09800338202,0.198222332,0.6019032806
0.008299463784,0.09800338202,0.1984199383,0.6049561502
0.008497070065,0.09800338202,0.1986175445,0.6080089838
0.008694676345,0.09800338202,0.1988151508,0.6110634097
0.008892282626,0.09800338202,0.1990127571,0.6140587733
0.009089888906,0.09800338202,0.1992103634,0.6167951063
0.009287495187,0.09800338202,0.1994079697,0.6194915024
0.009485101467,0.09800338202,0.1996055759,0.6221918733
0.009682707748,0.09800338202,0.1998031822,0.6248922998
0.009880314029,0.09800338202,0.2000007885,0.627592688
0.01007792031,0.09800338202,0.2001983948,0.6302930772
0.01027552659,0.09800338202,0.2003960011,0.6329935544
0.01047313287,0.09800338202,0.2005936073,0.6356939346
0.01067073915,0.09800338202,0.2007912136,0.6383943507
0.01086834543,0.09800338202,0.2009888199,0.6410947503
0.01106595171,0.09800338202,0.2011864262,0.6437951363
0.01126355799,0.09800338202,0.2013840325,0.6464957763
0.01146116427,0.09800338202,0.2015816387,0.6491439046
0.01165877055,0.09800338202,0.201779245,0.6514229863
0.01185637683,0.09800338202,0.2019768513,0.6536277317
0.01205398311,0.09800338202,0.2021744576,0.65583971
0.0122515894,0.09800338202,0.2023720639,0.6580517545
0.01244919568,0.09800338202,0.2025696701,0.6602637351
0.01264680196,0.09800338202,0.2027672764,0.6624757156
0.01284440824,0.09800338202,0.2029648827,0.6646877521
0.01304201452,0.09800338202,0.203162489,0.6668997451
0.0132396208,0.09800338202,0.2033600953,0.6691117199
0.01343722708,0.09800338202,0.2035577016,0.6713237348
0.01363483336,0.09800338202,0.2037553078,0.6735357491
0.01383243964,0.09800338202,0.2039529141,0.6757477329
0.01403004592,0.09800338202,0.2041505204,0.677972861
0.0142276522,0.09800338202,0.2043481267,0.6803593657
0.01442525848,0.09800338202,0.204545733,0.6827875404
0.01462286476,0.09800338202,0.2047433392,0.6852120557
0.01482047104,0.09800338202,0.2049409455,0.6876365335
0.01501807732,0.09800338202,0.2051385518,0.6900610532
0.0152156836,0.09800338202,0.2053361581,0.6924855465
0.01541328988,0.09800338202,0.2055337644,0.6949100385
0.01561089617,0.09800338202,0.2057313706,0.6973345588
0.01580850245,0.09800338202,0.2059289769,0.6997590454
0.01600610873,0.09800338202,0.2061265832,0.7021836147
0.01620371501,0.09800338202,0.2063241895,0.7046081144
0.01640132129,0.09800338202,0.2065217958,0.7070325975
0.01659892757,0.09800338202,0.206719402,0.7094690722
0.01679653385,0.09800338202,0.2069170083,0.7122646884
0.01699414013,0.09800338202,0.2071146146,0.7151780289
0.01719174641,0.09800338202,0.2073122209,0.718082565
0.01738935269,0.09800338202,0.2075098272,0.7209872003
0.01758695897,0.09800338202,0.2077074334,0.7238917228
0.01778456525,0.09800338202,0.2079050397,0.7267962631
0.01798217153,0.09800338202,0.208102646,0.7297008556
0.01817977781,0.09800338202,0.2083002523,0.7326054449
0.01837738409,0.09800338202,0.2084978586,0.7355099736
0.01857499037,0.09800338202,0.2086954648,0.7384145635
0.01877259665,0.09800338202,0.2088930711,0.741319119
0.01897020293,0.09800338202,0.2090906774,0.7442237328
0.01916780922,0.09800338202,0.2092882837,0.7471304053
0.0193654155,0.09800338202,0.20948589,0.7496466417
0.01956302178,0.09800338202,0.2096834963,0.7520024519
0.01976062806,0.09800338202,0.2098811025,0.754367299
0.01995823434,0.09800338202,0.2100787088,0.7567320781
0.02015584062,0.09800338202,0.2102763151,0.7590969815
0.0203534469,0.09800338202,0.2104739214,0.7614618199
0.02055105318,0.09800338202,0.2106715277,0.7638266305
0.02074865946,0.09800338202,0.2108691339,0.7661914436
0.02094626574,0.09800338202,0.2110667402,0.7685562877
0.02114387202,0.09800338202,0.2112643465,0.7709211161
0.0213414783,0.09800338202,0.2114619528,0.7732859098
0.02153908458,0.09800338202,0.2116595591,0.7756507492
0.02173669086,0.09800338202,0.2118571653,0.7780466523
0.02193429714,0.09800338202,0.2120547716,0.7795449373
0.02213190342,0.09800338202,0.2122523779,0.7805809311
0.0223295097,0.09800338202,0.2124499842,0.7816327343
0.02252711599,0.09800338202,0.2126475905,0.7826845847
0.02272472227,0.09800338202,0.2128451967,0.7837363672
0.02292232855,0.09800338202,0.213042803,0.7847882055
0.02311993483,0.09800338202,0.2132404093,0.7858399707
0.02331754111,0.09800338202,0.2134380156,0.7868917852
0.02351514739,0.09800338202,0.2136356219,0.7879435747
0.02371275367,0.09800338202,0.2138332281,0.7889953554
0.02391035995,0.09800338202,0.2140308344,0.7900472442
0.02410796623,0.09800338202,0.2142284407,0.7910990035
0.02430557251,0.09800338202,0.214426047,0.7922010051
0.02450317879,0.09800338202,0.2146236533,0.7923941977
0.02470078507,0.09800338202,0.2148212595,0.792001312
0.02489839135,0.09800338202,0.2150188658,0.7916128346
0.02509599763,0.09800338202,0.2152164721,0.7912244098
0.02529360391,0.09800338202,0.2154140784,0.7908359576
0.02549121019,0.09800338202,0.2156116847,0.7904475491
0.02568881647,0.09800338202,0.2158092909,0.7900590749
0.02588642275,0.09800338202,0.2160068972,0.7896706444
0.02608402904,0.09800338202,0.2162045035,0.789282195
0.02628163532,0.09800338202,0.2164021098,0.788893789
0.0264792416,0.09800338202,0.2165997161,0.7885053764
0.02667684788,0.09800338202,0.2167973224,0.7881169346
0.02687445416,0.09800338202,0.2169949286,0.7876466024
0.02707206044,0.09800338202,0.2171925349,0.7883622143
0.02726966672,0.09800338202,0.2173901412,0.7900385578
0.027467273,0.09800338202,0.2175877475,0.7917352636
0.02766487928,0.09800338202,0.2177853538,0.7934319197
0.02786248556,0.09800338202,0.21798296,0.7951285951
0.02806009184,0.09800338202,0.2181805663,0.7968252959
0.02825769812,0.09800338202,0.2183781726,0.7985219278
0.0284553044,0.09800338202,0.2185757789,0.8002186041
0.02865291068,0.09800338202,0.2187733852,0.8019152668
0.02885051696,0.09800338202,0.2189709914,0.8036119698
0.02904812324,0.09800338202,0.2191685977,0.805308606
0.02924572952,0.09800338202,0.219366204,0.8070053058
0.02944333581,0.09800338202,0.2195638103,0.8086599021
0.02964094209,0.09800338202,0.2197614166,0.8108589756
0.02983854837,0.09800338202,0.2199590228,0.8136223794
0.03003615465,0.09800338202,0.2201566291,0.816412496
0.03023376093,0.09800338202,0.2203542354,0.8192026135
0.03043136721,0.09800338202,0.2205518417,0.821992789
0.03062897349,0.09800338202,0.220749448,0.8247828618
0.03082657977,0.09800338202,0.2209470542,0.8275729823
0.03102418605,0.09800338202,0.2211446605,0.8303631379
0.03122179233,0.09800338202,0.2213422668,0.8331532101
0.03141939861,0.09800338202,0.2215398731,0.8359433897
0.03161700489,0.09800338202,0.2217374794,0.8387334522
0.03181461117,0.09800338202,0.2219350856,0.8415235917
0.03201221745,0.09800338202,0.2221326919,0.8443611637
0.03220982373,0.09800338202,0.2223302982,0.846608027
0.03240743001,0.09800338202,0.2225279045,0.8480583687
0.03260503629,0.09800338202,0.2227255108,0.8494498196
0.03280264257,0.09800338202,0.222923117,0.8508414161
0.03300024886,0.09800338202,0.2231207233,0.852233074
0.03319785514,0.09800338202,0.2233183296,0.8536246046
0.03339546142,0.09800338202,0.2235159359,0.8550162409
0.0335930677,0.09800338202,0.2237135422,0.8564078253
0.03379067398,0.09800338202,0.2239111485,0.8577994877
0.03398828026,0.09800338202,0.2241087547,0.8591910305
0.03418588654,0.09800338202,0.224306361,0.8605826551
0.03438349282,0.09800338202,0.2245039673,0.8619742967
0.0345810991,0.09800338202,0.2247015736,0.863379249
0.03477870538,0.09800338202,0.2248991799,0.8646125948
0.03497631166,0.09800338202,0.2250967861,0.8655402288
0.03517391794,0.09800338202,0.2252943924,0.8664344043
0.03537152422,0.09800338202,0.2254919987,0.8673296522
0.0355691305,0.09800338202,0.225689605,0.8682249253
0.03576673678,0.09800338202,0.2258872113,0.8691201529
0.03596434306,0.09800338202,0.2260848175,0.870015389
0.03616194934,0.09800338202,0.2262824238,0.8709106154
0.03635955563,0.09800338202,0.2264800301,0.8718058461
0.03655716191,0.09800338202,0.2266776364,0.8727011241
0.03675476819,0.09800338202,0.2268752427,0.8735963738
0.03695237447,0.09800338202,0.2270728489,0.8744915416
0.03714998075,0.09800338202,0.2272704552,0.8754107353
0.03734758703,0.09800338202,0.2274680615,0.8759880222
0.03754519331,0.09800338202,0.2276656678,0.8757434346
0.03774279959,0.09800338202,0.2278632741,0.8753726605
0.03794040587,0.09800338202,0.2280608803,0.8750090144
0.03813801215,0.09800338202,0.2282584866,0.8746454291
0.03833561843,0.09800338202,0.2284560929,0.8742818473
0.03853322471,0.09800338202,0.2286536992,0.8739182634
0.03873083099,0.09800338202,0.2288513055,0.8735546102
0.03892843727,0.09800338202,0.2290489117,0.873191028
0.03912604355,0.09800338202,0.229246518,0.8728274748
0.03932364983,0.09800338202,0.2294441243,0.8724639155
0.03952125611,0.09800338202,0.2296417306,0.8721003292
0.0397188624,0.09800338202,0.2298393369,0.8717265107
0.03991646868,0.09800338202,0.2300369431,0.8715369235
0.04011407496,0.09800338202,0.2302345494,0.871963192
0.04031168124,0.09800338202,0.2304321557,0.8725172165
0.04050928752,0.09800338202,0.230629762,0.8730616285
0.0407068938,0.09800338202,0.2308273683,0.8736060084
0.04090450008,0.09800338202,0.2310249746,0.8741504766
0.04110210636,0.09800338202,0.2312225808,0.8746948345
0.04129971264,0.09800338202,0.2314201871,0.8752393001
0.04149731892,0.09800338202,0.2316177934,0.8757837164
0.0416949252,0.09800338202,0.2318153997,0.8763281016
0.04189253148,0.09800338202,0.232013006,0.8768725352
0.04209013776,0.09800338202,0.2322106122,0.877416968
0.04228774404,0.09800338202,0.2324082185,0.8779577956
0.04248535032,0.09800338202,0.2326058248,0.8786053349
0.0426829566,0.09800338202,0.2328034311,0.8797707486
0.04288056288,0.09800338202,0.2330010374,0.8810767544
0.04307816916,0.09800338202,0.2331986436,0.8823709076
0.04327577545,0.09800338202,0.2333962499,0.883665003
0.04347338173,0.09800338202,0.2335938562,0.8849591685
0.04367098801,0.09800338202,0.2337914625,0.8862533297
0.04386859429,0.09800338202,0.2339890688,0.8875474896
0.04406620057,0.09800338202,0.234186675,0.8888415883
0.04426380685,0.09800338202,0.2343842813,0.8901357253
0.04446141313,0.09800338202,0.2345818876,0.891429849
0.04465901941,0.09800338202,0.2347794939,0.8927239563
0.04485662569,0.09800338202,0.2349771002,0.8940203778
0.04505423197,0.09800338202,0.2351747064,0.8950540669
0.04525183825,0.09800338202,0.2353723127,0.8941327482
0.04544944453,0.09800338202,0.235569919,0.8925313831
0.04564705081,0.09800338202,0.2357675253,0.8909892445
0.04584465709,0.09800338202,0.2359651316,0.8894471189
0.04604226337,0.09800338202,0.2361627378,0.8879049422
0.04623986965,0.09800338202,0.2363603441,0.8863627856
0.04643747593,0.09800338202,0.2365579504,0.8848205831
0.04663508222,0.09800338202,0.2367555567,0.8832784572
0.0468326885,0.09800338202,0.236953163,0.8817363152
0.04703029478,0.09800338202,0.2371507692,0.8801941494
0.04722790106,0.09800338202,0.2373483755,0.878651984
0.04742550734,0.09800338202,0.2375459818,0.877109789
0.04762311362,0.09800338202,0.2377435881,0.8757453104
0.0478207199,0.09800338202,0.2379411944,0.8765501489
0.04801832618,0.09800338202,0.2381388007,0.8783057042
0.04821593246,0.09800338202,0.2383364069,0.8799819435
0.04841353874,0.09800338202,0.2385340132,0.8816582291
0.04861114502,0.09800338202,0.2387316195,0.8833345209
0.0488087513,0.09800338202,0.2389292258,0.8850108175
0.04900635758,0.09800338202,0.2391268321,0.8866870635
0.04920396386,0.09800338202,0.2393244383,0.888363345
0.04940157014,0.09800338202,0.2395220446,0.8900395759
0.04959917642,0.09800338202,0.2397196509,0.8917158488
0.0497967827,0.09800338202,0.2399172572,0.8933921078
0.04999438898,0.09800338202,0.2401148635,0.8950684052
0.05019199527,0.09800338202,0.2403124697,0.8966682458
0.05038960155,0.09800338202,0.240510076,0.8963126369
0.05058720783,0.09800338202,0.2407076823,0.8948928687
0.05078481411,0.09800338202,0.2409052886,0.8935524616
0.05098242039,0.09800338202,0.2411028949,0.8922119367
0.05118002667,0.09800338202,0.2413005011,0.8908714695
0.05137763295,0.09800338202,0.2414981074,0.8895310297
0.05157523923,0.09800338202,0.2416957137,0.8881905505
0.05177284551,0.09800338202,0.24189332,0.8868500621
0.05197045179,0.09800338202,0.2420909263,0.8855096484
0.05216805807,0.09800338202,0.2422885325,0.8841691185
0.05236566435,0.09800338202,0.2424861388,0.8828286926
0.05256327063,0.09800338202,0.2426837451,0.8814881961
0.05276087691,0.09800338202,0.2428813514,0.8801296413
0.05295848319,0.09800338202,0.2430789577,0.8698204321
0.05315608947,0.09800338202,0.2432765639,0.8535423445
0.05335369575,0.09800338202,0.2434741702,0.8376246655
0.05355130204,0.09800338202,0.2436717765,0.8217070264
0.05374890832,0.09800338202,0.2438693828,0.8057893209
0.0539465146,0.09800338202,0.2440669891,0.7898716592
0.05414412088,0.09800338202,0.2442645954,0.7739539736
0.05434172716,0.09800338202,0.2444622016,0.7580363371
0.05453933344,0.09800338202,0.2446598079,0.7421186292
0.05473693972,0.09800338202,0.2448574142,0.7262009749
0.054934546,0.09800338202,0.2450550205,0.710283282
0.05513215228,0.09800338202,0.2452526268,0.6943656441
0.05532975856,0.09800338202,0.245450233,0.6782820381
0.05552736484,0.09800338202,0.2456478393,0.6680478359
0.05572497112,0.09800338202,0.2458454456,0.6625720114
0.0559225774,0.09800338202,0.2460430519,0.6569024428
0.05612018368,0.09800338202,0.2462406582,0.651232887
0.05631778996,0.09800338202,0.2464382644,0.6455633543
0.05651539624,0.09800338202,0.2466358707,0.6398938222
0.05671300252,0.09800338202,0.246833477,0.634224262
0.0569106088,0.09800338202,0.2470310833,0.628554694
0.05710821509,0.09800338202,0.2472286896,0.6228851605
0.05730582137,0.09800338202,0.2474262958,0.6172156278
0.05750342765,0.09800338202,0.2476239021,0.6115460996
0.05770103393,0.09800338202,0.2478215084,0.6058765279
0.05789864021,0.09800338202,0.2480191147,0.5994451017
0.05809624649,0.09800338202,0.248216721,0.6079497287
0.05829385277,0.09800338202,0.2484143272,0.6312965787
0.05849145905,0.09800338202,0.2486119335,0.6544241255
0.05868906533,0.09800338202,0.2488095398,0.6775516692
0.05888667161,0.09800338202,0.2490071461,0.7006792419
0.05908427789,0.09800338202,0.2492047524,0.7238067527
