Distance on line [m], x-coordinate [m], y-coordinate [m], Velocity magnitude [m/s]
0,0.09593111401,0.1838226287,0.5071863095
0.0001871149283,0.09593399236,0.1840097215,0.5097925028
0.0003742298567,0.09593687071,0.1841968143,0.512543607
0.000561344785,0.09593974906,0.1843839071,0.515423233
0.0007484597134,0.09594262741,0.1845709999,0.5183068112
0.0009355746417,0.09594550576,0.1847580927,0.521188535
0.00112268957,0.09594838411,0.1849451854,0.5240685486
0.001309804498,0.09595126246,0.1851322782,0.5269469075
0.001496919427,0.09595414081,0.185319371,0.52982368
0.001684034355,0.09595701916,0.1855064638,0.5326989102
0.001871149283,0.09595989751,0.1856935566,0.5355726636
0.002058264212,0.09596277586,0.1858806494,0.5384450158
0.00224537914,0.09596565421,0.1860677422,0.5413160364
0.002432494068,0.09596853256,0.186254835,0.5441857977
0.002619608997,0.09597141091,0.1864419278,0.5470543918
0.002806723925,0.09597428927,0.1866290205,0.5499123561
0.002993838853,0.09597716762,0.1868161133,0.5526662797
0.003180953782,0.09598004597,0.1870032061,0.5554005126
0.00336806871,0.09598292432,0.1871902989,0.5581373749
0.003555183638,0.09598580267,0.1873773917,0.560874618
0.003742298567,0.09598868102,0.1875644845,0.5636121751
0.003929413495,0.09599155937,0.1877515773,0.5663501971
0.004116528423,0.09599443772,0.1879386701,0.5690885955
0.004303643352,0.09599731607,0.1881257629,0.5718273264
0.00449075828,0.09600019442,0.1883128556,0.5745664088
0.004677873208,0.09600307277,0.1884999484,0.5773059326
0.004864988137,0.09600595112,0.1886870412,0.580045831
0.005052103065,0.09600882947,0.188874134,0.5827861238
0.005239217993,0.09601170782,0.1890612268,0.5855358651
0.005426332922,0.09601458617,0.1892483196,0.5881729296
0.00561344785,0.09601746452,0.1894354124,0.5907207357
0.005800562778,0.09602034287,0.1896225052,0.5932668948
0.005987677707,0.09602322123,0.189809598,0.5958151186
0.006174792635,0.09602609958,0.1899966907,0.5983655145
0.006361907563,0.09602897793,0.1901837835,0.6009180257
0.006549022492,0.09603185628,0.1903708763,0.6034726854
0.00673613742,0.09603473463,0.1905579691,0.6060295113
0.006923252348,0.09603761298,0.1907450619,0.6085883773
0.007110367277,0.09604049133,0.1909321547,0.6111494266
0.007297482205,0.09604336968,0.1911192475,0.6137125941
0.007484597134,0.09604624803,0.1913063403,0.6162779097
0.007671712062,0.09604912638,0.191493433,0.6188453183
0.00785882699,0.09605200473,0.1916805258,0.6214179224
0.008045941919,0.09605488308,0.1918676186,0.6240159118
0.008233056847,0.09605776143,0.1920547114,0.6266195236
0.008420171775,0.09606063978,0.1922418042,0.6292232171
0.008607286704,0.09606351813,0.192428897,0.6318276375
0.008794401632,0.09606639648,0.1926159898,0.6344327371
0.00898151656,0.09606927483,0.1928030826,0.6370384292
0.009168631489,0.09607215319,0.1929901754,0.6396448892
0.009355746417,0.09607503154,0.1931772681,0.6422519709
0.009542861345,0.09607790989,0.1933643609,0.644859759
0.009729976274,0.09608078824,0.1935514537,0.6474681582
0.009917091202,0.09608366659,0.1937385465,0.650077291
0.01010420613,0.09608654494,0.1939256393,0.6526870782
0.01029132106,0.09608942329,0.1941127321,0.6553168067
0.01047843599,0.09609230164,0.1942998249,0.657695628
0.01066555092,0.09609517999,0.1944869177,0.6598891944
0.01085266584,0.09609805834,0.1946740105,0.6620758315
0.01103978077,0.09610093669,0.1948611032,0.6642625525
0.0112268957,0.09610381504,0.195048196,0.6664492937
0.01141401063,0.09610669339,0.1952352888,0.6686361207
0.01160112556,0.09610957174,0.1954223816,0.6708229136
0.01178824049,0.09611245009,0.1956094744,0.6730098105
0.01197535541,0.09611532844,0.1957965672,0.6751967473
0.01216247034,0.0961182068,0.19598366,0.6773837227
0.01234958527,0.09612108515,0.1961707528,0.6795707438
0.0125367002,0.0961239635,0.1963578455,0.681757737
0.01272381513,0.09612684185,0.1965449383,0.6839448697
0.01291093006,0.0961297202,0.1967320311,0.6861299304
0.01309804498,0.09613259855,0.1969191239,0.6883021818
0.01328515991,0.0961354769,0.1971062167,0.6904714707
0.01347227484,0.09613835525,0.1972933095,0.6926405571
0.01365938977,0.0961412336,0.1974804023,0.6948091774
0.0138465047,0.09614411195,0.1976674951,0.6969774232
0.01403361963,0.0961469903,0.1978545879,0.6991451994
0.01422073455,0.09614986865,0.1980416806,0.7013124761
0.01440784948,0.096152747,0.1982287734,0.7034793018
0.01459496441,0.09615562535,0.1984158662,0.7056457518
0.01478207934,0.0961585037,0.198602959,0.70781169
0.01496919427,0.09616138205,0.1987900518,0.7099771974
0.0151563092,0.0961642604,0.1989771446,0.7121422844
0.01534342412,0.09616713876,0.1991642374,0.7143038208
0.01553053905,0.09617001711,0.1993513302,0.7165082372
0.01571765398,0.09617289546,0.199538423,0.7187427653
0.01590476891,0.09617577381,0.1997255157,0.7209786149
0.01609188384,0.09617865216,0.1999126085,0.7232149192
0.01627899877,0.09618153051,0.2000997013,0.7254517184
0.01646611369,0.09618440886,0.2002867941,0.7276890456
0.01665322862,0.09618728721,0.2004738869,0.7299268029
0.01684034355,0.09619016556,0.2006609797,0.7321651051
0.01702745848,0.09619304391,0.2008480725,0.7344038457
0.01721457341,0.09619592226,0.2010351653,0.7366431115
0.01740168834,0.09619880061,0.201222258,0.7388828509
0.01758880326,0.09620167896,0.2014093508,0.7411230695
0.01777591819,0.09620455731,0.2015964436,0.7433692468
0.01796303312,0.09620743566,0.2017835364,0.7454608489
0.01815014805,0.09621031401,0.2019706292,0.7468283973
0.01833726298,0.09621319236,0.202157722,0.7480483332
0.01852437791,0.09621607072,0.2023448148,0.7492848104
0.01871149283,0.09621894907,0.2025319076,0.7505225323
0.01889860776,0.09622182742,0.2027190004,0.7517613436
0.01908572269,0.09622470577,0.2029060931,0.7530014213
0.01927283762,0.09622758412,0.2030931859,0.754242642
0.01945995255,0.09623046247,0.2032802787,0.7554850346
0.01964706748,0.09623334082,0.2034673715,0.7567286299
0.0198341824,0.09623621917,0.2036544643,0.7579733996
0.02002129733,0.09623909752,0.2038415571,0.7592193761
0.02020841226,0.09624197587,0.2040286499,0.7604665052
0.02039552719,0.09624485422,0.2042157427,0.7617297054
0.02058264212,0.09624773257,0.2044028355,0.7627598942
0.02076975705,0.09625061092,0.2045899282,0.7636377279
0.02095687197,0.09625348927,0.204777021,0.76451396
0.0211439869,0.09625636762,0.2049641138,0.7653908862
0.02133110183,0.09625924597,0.2051512066,0.7662684403
0.02151821676,0.09626212432,0.2053382994,0.7671467635
0.02170533169,0.09626500268,0.2055253922,0.7680257495
0.02189244662,0.09626788103,0.205712485,0.7689053888
0.02207956154,0.09627075938,0.2058995778,0.7697856837
0.02226667647,0.09627363773,0.2060866705,0.7706667103
0.0224537914,0.09627651608,0.2062737633,0.7715484223
0.02264090633,0.09627939443,0.2064608561,0.7724308107
0.02282802126,0.09628227278,0.2066479489,0.773311316
0.02301513619,0.09628515113,0.2068350417,0.7742449015
0.02320225111,0.09628802948,0.2070221345,0.7753773387
0.02338936604,0.09629090783,0.2072092273,0.7765503367
0.02357648097,0.09629378618,0.2073963201,0.7777195084
0.0237635959,0.09629666453,0.2075834129,0.7788889009
0.02395071083,0.09629954288,0.2077705056,0.7800584925
0.02413782576,0.09630242123,0.2079575984,0.7812283134
0.02432494068,0.09630529958,0.2081446912,0.7823983493
0.02451205561,0.09630817793,0.208331784,0.7835686006
0.02469917054,0.09631105628,0.2085188768,0.7847390905
0.02488628547,0.09631393464,0.2087059696,0.7859098022
0.0250734004,0.09631681299,0.2088930624,0.7870807316
0.02526051533,0.09631969134,0.2090801552,0.7882518376
0.02544763025,0.09632256969,0.209267248,0.789461919
0.02563474518,0.09632544804,0.2094543407,0.7899535165
0.02582186011,0.09632832639,0.2096414335,0.7899923703
0.02600897504,0.09633120474,0.2098285263,0.7900344374
0.02619608997,0.09633408309,0.2100156191,0.7900787337
0.0263832049,0.09633696144,0.2102027119,0.7901253569
0.02657031982,0.09633983979,0.2103898047,0.7901743393
0.02675743475,0.09634271814,0.2105768975,0.7902255689
0.02694454968,0.09634559649,0.2107639903,0.790279165
0.02713166461,0.09634847484,0.210951083,0.7903350395
0.02731877954,0.09635135319,0.2111381758,0.790393168
0.02750589447,0.09635423154,0.2113252686,0.7904536616
0.02769300939,0.09635710989,0.2115123614,0.7905164761
0.02788012432,0.09635998824,0.2116994542,0.7905599025
0.02806723925,0.0963628666,0.211886547,0.790960966
0.02825435418,0.09636574495,0.2120736398,0.7924818813
0.02844146911,0.0963686233,0.2122607326,0.7942215938
0.02862858404,0.09637150165,0.2124478254,0.7959374023
0.02881569896,0.09637438,0.2126349181,0.7976502795
0.02900281389,0.09637725835,0.2128220109,0.7993601913
0.02918992882,0.0963801367,0.2130091037,0.8010671791
0.02937704375,0.09638301505,0.2131961965,0.8027712334
0.02956415868,0.0963858934,0.2133832893,0.8044723298
0.02975127361,0.09638877175,0.2135703821,0.806170522
0.02993838853,0.0963916501,0.2137574749,0.8078658079
0.03012550346,0.09639452845,0.2139445677,0.8095581063
0.03031261839,0.0963974068,0.2141316605,0.8112474728
0.03049973332,0.09640028515,0.2143187532,0.8129246397
0.03068684825,0.0964031635,0.214505846,0.8148218145
0.03087396318,0.09640604185,0.2146929388,0.8168569221
0.0310610781,0.0964089202,0.2148800316,0.81889
0.03124819303,0.09641179856,0.2150671244,0.8209237651
0.03143530796,0.09641467691,0.2152542172,0.8229581762
0.03162242289,0.09641755526,0.21544131,0.824993259
0.03180953782,0.09642043361,0.2156284028,0.8270290038
0.03199665275,0.09642331196,0.2158154956,0.8290654169
0.03218376767,0.09642619031,0.2160025883,0.8311024888
0.0323708826,0.09642906866,0.2161896811,0.8331402275
0.03255799753,0.09643194701,0.2163767739,0.8351786262
0.03274511246,0.09643482536,0.2165638667,0.8372176902
0.03293222739,0.09643770371,0.2167509595,0.8392691873
0.03311934232,0.09644058206,0.2169380523,0.8411539534
0.03330645724,0.09644346041,0.2171251451,0.8425877587
0.03349357217,0.09644633876,0.2173122379,0.8439361664
0.0336806871,0.09644921711,0.2174993306,0.8452918806
0.03386780203,0.09645209546,0.2176864234,0.8466475583
0.03405491696,0.09645497381,0.2178735162,0.8480032323
0.03424203189,0.09645785216,0.218060609,0.8493588882
0.03442914681,0.09646073052,0.2182477018,0.8507144757
0.03461626174,0.09646360887,0.2184347946,0.8520700312
0.03480337667,0.09646648722,0.2186218874,0.8534255701
0.0349904916,0.09646936557,0.2188089802,0.8547811215
0.03517760653,0.09647224392,0.218996073,0.8561365812
0.03536472146,0.09647512227,0.2191831657,0.8574920683
0.03555183638,0.09647800062,0.2193702585,0.8588445857
0.03573895131,0.09648087897,0.2195573513,0.860304205
0.03592606624,0.09648375732,0.2197444441,0.8618278669
0.03611318117,0.09648663567,0.2199315369,0.8633480714
0.0363002961,0.09648951402,0.2201186297,0.8648671392
0.03648741103,0.09649239237,0.2203057225,0.8663849647
0.03667452595,0.09649527072,0.2204928153,0.8679015924
0.03686164088,0.09649814907,0.2206799081,0.8694170792
0.03704875581,0.09650102742,0.2208670008,0.8709313819
0.03723587074,0.09650390577,0.2210540936,0.872444459
0.03742298567,0.09650678412,0.2212411864,0.8739563431
0.0376101006,0.09650966248,0.2214282792,0.8754670814
0.03779721552,0.09651254083,0.221615372,0.8769766331
0.03798433045,0.09651541918,0.2218024648,0.8784938463
0.03817144538,0.09651829753,0.2219895576,0.8798951981
0.03835856031,0.09652117588,0.2221766504,0.8810261604
0.03854567524,0.09652405423,0.2223637431,0.8821100035
0.03873279017,0.09652693258,0.2225508359,0.883198187
0.03891990509,0.09652981093,0.2227379287,0.8842871205
0.03910702002,0.09653268928,0.2229250215,0.8853767289
0.03929413495,0.09653556763,0.2231121143,0.886467124
0.03948124988,0.09653844598,0.2232992071,0.8875582366
0.03966836481,0.09654132433,0.2234862999,0.8886500604
0.03985547974,0.09654420268,0.2236733927,0.889742615
0.04004259466,0.09654708103,0.2238604855,0.8908358734
0.04022970959,0.09654995938,0.2240475782,0.8919298891
0.04041682452,0.09655283773,0.224234671,0.8930246708
0.04060393945,0.09655571609,0.2244217638,0.8941255447
0.04079105438,0.09655859444,0.2246088566,0.8946506642
0.04097816931,0.09656147279,0.2247959494,0.894829838
0.04116528423,0.09656435114,0.2249830422,0.8950260379
0.04135239916,0.09656722949,0.225170135,0.8952222032
0.04153951409,0.09657010784,0.2253572278,0.8954183078
0.04172662902,0.09657298619,0.2255443206,0.8956143901
0.04191374395,0.09657586454,0.2257314133,0.8958104454
0.04210085888,0.09657874289,0.2259185061,0.8960065101
0.0422879738,0.09658162124,0.2261055989,0.8962024992
0.04247508873,0.09658449959,0.2262926917,0.8963985192
0.04266220366,0.09658737794,0.2264797845,0.8965944641
0.04284931859,0.09659025629,0.2266668773,0.8967903928
0.04303643352,0.09659313464,0.2268539701,0.8971107607
0.04322354845,0.09659601299,0.2270410629,0.8959239285
0.04341066337,0.09659889134,0.2272281556,0.8915569601
0.0435977783,0.09660176969,0.2274152484,0.8866687869
0.04378489323,0.09660464805,0.2276023412,0.8818030364
0.04397200816,0.0966075264,0.227789434,0.8769279742
0.04415912309,0.09661040475,0.2279765268,0.8720435322
0.04434623802,0.0966132831,0.2281636196,0.8671497129
0.04453335294,0.09661616145,0.2283507124,0.8622465142
0.04472046787,0.0966190398,0.2285378052,0.8573340036
0.0449075828,0.09662191815,0.228724898,0.8524119896
0.04509469773,0.0966247965,0.2289119907,0.8474806676
0.04528181266,0.09662767485,0.2290990835,0.8425399648
0.04546892759,0.0966305532,0.2292861763,0.8375898826
0.04565604251,0.09663343155,0.2294732691,0.8326780334
0.04584315744,0.0966363099,0.2296603619,0.8320719591
0.04603027237,0.09663918825,0.2298474547,0.8340253516
0.0462173873,0.0966420666,0.2300345475,0.83581631
0.04640450223,0.09664494495,0.2302216403,0.8376012354
0.04659161716,0.0966478233,0.2304087331,0.8393801815
0.04677873208,0.09665070165,0.2305958258,0.8411531174
0.04696584701,0.09665358001,0.2307829186,0.8429200293
0.04715296194,0.09665645836,0.2309700114,0.8446809467
0.04734007687,0.09665933671,0.2311571042,0.846435856
0.0475271918,0.09666221506,0.231344197,0.8481847505
0.04771430673,0.09666509341,0.2315312898,0.8499276397
0.04790142165,0.09666797176,0.2317183826,0.8516645184
0.04808853658,0.09667085011,0.2319054754,0.8534196901
0.04827565151,0.09667372846,0.2320925681,0.85488706
0.04846276644,0.09667660681,0.2322796609,0.8558187207
0.04864988137,0.09667948516,0.2324667537,0.8566839175
0.0488369963,0.09668236351,0.2326538465,0.8575630126
0.04902411122,0.09668524186,0.2328409393,0.8584524518
0.04921122615,0.09668812021,0.2330280321,0.8593521883
0.04939834108,0.09669099856,0.2332151249,0.8602622498
0.04958545601,0.09669387691,0.2334022177,0.8611826798
0.04977257094,0.09669675526,0.2335893105,0.8621134334
0.04995968587,0.09669963361,0.2337764032,0.8630545273
0.05014680079,0.09670251197,0.233963496,0.864005952
0.05033391572,0.09670539032,0.2341505888,0.8649676904
0.05052103065,0.09670826867,0.2343376816,0.8659397757
0.05070814558,0.09671114702,0.2345247744,0.8668473149
0.05089526051,0.09671402537,0.2347118672,0.8654862245
0.05108237544,0.09671690372,0.23489896,0.8627889849
0.05126949036,0.09671978207,0.2350860528,0.8601868124
0.05145660529,0.09672266042,0.2352731456,0.8575853108
0.05164372022,0.09672553877,0.2354602383,0.8549845329
0.05183083515,0.09672841712,0.2356473311,0.8523844404
0.05201795008,0.09673129547,0.2358344239,0.8497850026
0.05220506501,0.09673417382,0.2360215167,0.8471862688
0.05239217993,0.09673705217,0.2362086095,0.8445881711
0.05257929486,0.09673993052,0.2363957023,0.8419908336
0.05276640979,0.09674280887,0.2365827951,0.8393941772
0.05295352472,0.09674568722,0.2367698879,0.8367981386
0.05314063965,0.09674856557,0.2369569806,0.835099102
0.05332775458,0.09675144393,0.2371440734,0.8230784606
0.0535148695,0.09675432228,0.2373311662,0.7927192008
0.05370198443,0.09675720063,0.237518259,0.7601254585
0.05388909936,0.09676007898,0.2377053518,0.7275906345
0.05407621429,0.09676295733,0.2378924446,0.6950507626
0.05426332922,0.09676583568,0.2380795374,0.6625057526
0.05445044415,0.09676871403,0.2382666302,0.6299556622
0.05463755907,0.09677159238,0.238453723,0.5974004886
0.054824674,0.09677447073,0.2386408157,0.5648402846
0.05501178893,0.09677734908,0.2388279085,0.5322748819
0.05519890386,0.09678022743,0.2390150013,0.4997044787
0.05538601879,0.09678310578,0.2392020941,0.4671290069
0.05557313372,0.09678598413,0.2393891869,0.4345484164
0.05576024864,0.09678886248,0.2395762797,0.4034940835
0.05594736357,0.09679174083,0.2397633725,0.4000810726
