Distance on line [m], x-coordinate [m], y-coordinate [m], Velocity magnitude [m/s]
0,0.09144310798,0.181741131,0.4978044031
0.0001836527681,0.09144405953,0.1819247813,0.5008260178
0.0003673055361,0.09144501109,0.1821084316,0.5038475762
0.0005509583042,0.09144596264,0.1822920819,0.5068691507
0.0007346110723,0.0914469142,0.1824757322,0.50990319
0.0009182638403,0.09144786576,0.1826593826,0.5127860483
0.001101916608,0.09144881731,0.1828430329,0.5154598443
0.001285569376,0.09144976887,0.1830266832,0.5181192668
0.001469222145,0.09145072042,0.1832103335,0.5207801518
0.001652874913,0.09145167198,0.1833939838,0.5234411954
0.001836527681,0.09145262354,0.1835776341,0.5261024005
0.002020180449,0.09145357509,0.1837612844,0.5287637659
0.002203833217,0.09145452665,0.1839449347,0.5314252945
0.002387485985,0.0914554782,0.184128585,0.5340869773
0.002571138753,0.09145642976,0.1843122353,0.5367488318
0.002754791521,0.09145738131,0.1844958856,0.5394108763
0.002938444289,0.09145833287,0.1846795359,0.542072993
0.003122097057,0.09145928443,0.1848631862,0.5447353723
0.003305749825,0.09146023598,0.1850468365,0.547396212
0.003489402593,0.09146118754,0.1852304868,0.5500983825
0.003673055361,0.09146213909,0.1854141371,0.5528169546
0.003856708129,0.09146309065,0.1855977874,0.555535778
0.004040360897,0.09146404221,0.1857814377,0.55825512
0.004224013665,0.09146499376,0.185965088,0.5609749659
0.004407666434,0.09146594532,0.1861487383,0.5636952863
0.004591319202,0.09146689687,0.1863323886,0.566416097
0.00477497197,0.09146784843,0.1865160389,0.5691374575
0.004958624738,0.09146879999,0.1866996892,0.571859285
0.005142277506,0.09146975154,0.1868833395,0.5745816251
0.005325930274,0.0914707031,0.1870669898,0.5773044226
0.005509583042,0.09147165465,0.1872506401,0.5800277903
0.00569323581,0.09147260621,0.1874342904,0.5827565902
0.005876888578,0.09147355777,0.1876179407,0.5853545408
0.006060541346,0.09147450932,0.187801591,0.5873713067
0.006244194114,0.09147546088,0.1879852413,0.5892967976
0.006427846882,0.09147641243,0.1881688916,0.5912332525
0.00661149965,0.09147736399,0.1883525419,0.5931701303
0.006795152418,0.09147831555,0.1885361922,0.595107465
0.006978805186,0.0914792671,0.1887198425,0.5970452427
0.007162457954,0.09148021866,0.1889034928,0.5989834704
0.007346110723,0.09148117021,0.1890871432,0.6009221441
0.007529763491,0.09148212177,0.1892707935,0.6028612791
0.007713416259,0.09148307333,0.1894544438,0.6048008407
0.007897069027,0.09148402488,0.1896380941,0.6067408686
0.008080721795,0.09148497644,0.1898217444,0.6086813313
0.008264374563,0.09148592799,0.1900053947,0.6106024782
0.008448027331,0.09148687955,0.190189045,0.6127646356
0.008631680099,0.09148783111,0.1903726953,0.615132388
0.008815332867,0.09148878266,0.1905563456,0.6175101644
0.008998985635,0.09148973422,0.1907399959,0.619887685
0.009182638403,0.09149068577,0.1909236462,0.6222651414
0.009366291171,0.09149163733,0.1911072965,0.6246425382
0.009549943939,0.09149258889,0.1912909468,0.6270198155
0.009733596707,0.09149354044,0.1914745971,0.6293969469
0.009917249475,0.091494492,0.1916582474,0.6317739797
0.01010090224,0.09149544355,0.1918418977,0.634150982
0.01028455501,0.09149639511,0.192025548,0.6365278317
0.01046820778,0.09149734667,0.1922091983,0.6389045914
0.01065186055,0.09149829822,0.1923928486,0.6412812253
0.01083551332,0.09149924978,0.1925764989,0.6436529936
0.01101916608,0.09150020133,0.1927601492,0.6458116133
0.01120281885,0.09150115289,0.1929437995,0.6479041746
0.01138647162,0.09150210445,0.1931274498,0.6500013466
0.01157012439,0.091503056,0.1933111001,0.6520987918
0.01175377716,0.09150400756,0.1934947504,0.6541965212
0.01193742992,0.09150495911,0.1936784007,0.6562944899
0.01212108269,0.09150591067,0.193862051,0.6583926747
0.01230473546,0.09150686223,0.1940457013,0.6604911483
0.01248838823,0.09150781378,0.1942293516,0.6625898873
0.012672041,0.09150876534,0.1944130019,0.6646888311
0.01285569376,0.09150971689,0.1945966522,0.6667880617
0.01303934653,0.09151066845,0.1947803025,0.6688875556
0.0132229993,0.09151162001,0.1949639528,0.6709839246
0.01340665207,0.09151257156,0.1951476031,0.6731259181
0.01359030484,0.09151352312,0.1953312535,0.6753673725
0.0137739576,0.09151447467,0.1955149038,0.6776215722
0.01395761037,0.09151542623,0.1956985541,0.6798742728
0.01414126314,0.09151637779,0.1958822044,0.6821267773
0.01432491591,0.09151732934,0.1960658547,0.6843791691
0.01450856868,0.0915182809,0.196249505,0.6866313616
0.01469222145,0.09151923245,0.1964331553,0.688883358
0.01487587421,0.09152018401,0.1966168056,0.6911352379
0.01505952698,0.09152113557,0.1968004559,0.6933869868
0.01524317975,0.09152208712,0.1969841062,0.6956384668
0.01542683252,0.09152303868,0.1971677565,0.6978898294
0.01561048529,0.09152399023,0.1973514068,0.7001410088
0.01579413805,0.09152494179,0.1975350571,0.7023716756
0.01597779082,0.09152589335,0.1977187074,0.7049254444
0.01616144359,0.0915268449,0.1979023577,0.7076729742
0.01634509636,0.09152779646,0.198086008,0.7104234227
0.01652874913,0.09152874801,0.1982696583,0.7131736573
0.01671240189,0.09152969957,0.1984533086,0.7159237177
0.01689605466,0.09153065112,0.1986369589,0.7186736001
0.01707970743,0.09153160268,0.1988206092,0.7214232825
0.0172633602,0.09153255424,0.1990042595,0.7241728478
0.01744701297,0.09153350579,0.1991879098,0.7269221759
0.01763066573,0.09153445735,0.1993715601,0.7296713873
0.0178143185,0.0915354089,0.1995552104,0.7324203865
0.01799797127,0.09153636046,0.1997388607,0.7351691884
0.01818162404,0.09153731202,0.199922511,0.7379181438
0.01836527681,0.09153826357,0.2001061613,0.7406320808
0.01854892957,0.09153921513,0.2002898116,0.7430590036
0.01873258234,0.09154016668,0.2004734619,0.7454114143
0.01891623511,0.09154111824,0.2006571122,0.7477713971
0.01909988788,0.0915420698,0.2008407625,0.7501317802
0.01928354065,0.09154302135,0.2010244128,0.7524924622
0.01946719341,0.09154397291,0.2012080631,0.7548534949
0.01965084618,0.09154492446,0.2013917134,0.7572148657
0.01983449895,0.09154587602,0.2015753638,0.7595766385
0.02001815172,0.09154682758,0.2017590141,0.7619387309
0.02020180449,0.09154777913,0.2019426644,0.764301148
0.02038545725,0.09154873069,0.2021263147,0.7666639602
0.02056911002,0.09154968224,0.202309965,0.7690270625
0.02075276279,0.0915506338,0.2024936153,0.7714188346
0.02093641556,0.09155158536,0.2026772656,0.7734800806
0.02112006833,0.09155253691,0.2028609159,0.7751050989
0.0213037211,0.09155348847,0.2030445662,0.776690149
0.02148737386,0.09155444002,0.2032282165,0.7782772418
0.02167102663,0.09155539158,0.2034118668,0.7798645011
0.0218546794,0.09155634314,0.2035955171,0.7814518982
0.02203833217,0.09155729469,0.2037791674,0.7830393322
0.02222198494,0.09155824625,0.2039628177,0.7846269133
0.0224056377,0.0915591978,0.204146468,0.7862145602
0.02258929047,0.09156014936,0.2043301183,0.7878022854
0.02277294324,0.09156110092,0.2045137686,0.7893900938
0.02295659601,0.09156205247,0.2046974189,0.7909780651
0.02314024878,0.09156300403,0.2048810692,0.7925660865
0.02332390154,0.09156395558,0.2050647195,0.7941662997
0.02350755431,0.09156490714,0.2052483698,0.7951463795
0.02369120708,0.0915658587,0.2054320201,0.7958297975
0.02387485985,0.09156681025,0.2056156704,0.7965247511
0.02405851262,0.09156776181,0.2057993207,0.7972195181
0.02424216538,0.09156871336,0.205982971,0.7979142077
0.02442581815,0.09156966492,0.2061666213,0.7986087679
0.02460947092,0.09157061648,0.2063502716,0.7993032007
0.02479312369,0.09157156803,0.2065339219,0.7999974615
0.02497677646,0.09157251959,0.2067175722,0.8006916612
0.02516042922,0.09157347114,0.2069012225,0.8013857337
0.02534408199,0.0915744227,0.2070848728,0.8020796773
0.02552773476,0.09157537426,0.2072685231,0.8027735095
0.02571138753,0.09157632581,0.2074521734,0.8034814008
0.0258950403,0.09157727737,0.2076358237,0.8039379787
0.02607869306,0.09157822892,0.207819474,0.8034982632
0.02626234583,0.09157918048,0.2080031244,0.8028671831
0.0264459986,0.09158013204,0.2081867747,0.8022550405
0.02662965137,0.09158108359,0.208370425,0.8016425211
0.02681330414,0.09158203515,0.2085540753,0.8010295242
0.02699695691,0.0915829867,0.2087377256,0.8004161401
0.02718060967,0.09158393826,0.2089213759,0.7998023214
0.02736426244,0.09158488982,0.2091050262,0.7991880604
0.02754791521,0.09158584137,0.2092886765,0.7985733508
0.02773156798,0.09158679293,0.2094723268,0.7979582821
0.02791522075,0.09158774448,0.2096559771,0.7973427365
0.02809887351,0.09158869604,0.2098396274,0.7967268321
0.02828252628,0.0915896476,0.2100232777,0.7960365591
0.02846617905,0.09159059915,0.210206928,0.7962991856
0.02864983182,0.09159155071,0.2103905783,0.7974263955
0.02883348459,0.09159250226,0.2105742286,0.7985952709
0.02901713735,0.09159345382,0.2107578789,0.7997640772
0.02920079012,0.09159440538,0.2109415292,0.8009329951
0.02938444289,0.09159535693,0.2111251795,0.8021018993
0.02956809566,0.09159630849,0.2113088298,0.8032708833
0.02975174843,0.09159726004,0.2114924801,0.8044399257
0.02993540119,0.0915982116,0.2116761304,0.8056090129
0.03011905396,0.09159916315,0.2118597807,0.8067781463
0.03030270673,0.09160011471,0.212043431,0.8079472826
0.0304863595,0.09160106627,0.2122270813,0.8091164779
0.03067001227,0.09160201782,0.2124107316,0.810285743
0.03085366503,0.09160296938,0.2125943819,0.8114952381
0.0310373178,0.09160392093,0.2127780322,0.8134339434
0.03122097057,0.09160487249,0.2129616825,0.815665328
0.03140462334,0.09160582405,0.2131453328,0.8178745048
0.03158827611,0.0916067756,0.2133289831,0.8200843825
0.03177192887,0.09160772716,0.2135126334,0.8222949634
0.03195558164,0.09160867871,0.2136962837,0.8245062497
0.03213923441,0.09160963027,0.213879934,0.8267182869
0.03232288718,0.09161058183,0.2140635843,0.8289309646
0.03250653995,0.09161153338,0.2142472347,0.8311443517
0.03269019272,0.09161248494,0.214430885,0.8333584371
0.03287384548,0.09161343649,0.2146145353,0.8355732276
0.03305749825,0.09161438805,0.2147981856,0.8377887162
0.03324115102,0.09161533961,0.2149818359,0.8400483153
0.03342480379,0.09161629116,0.2151654862,0.8417825064
0.03360845656,0.09161724272,0.2153491365,0.8424529705
0.03379210932,0.09161819427,0.2155327868,0.8429563994
0.03397576209,0.09161914583,0.2157164371,0.8434723379
0.03415941486,0.09162009739,0.2159000874,0.8439879985
0.03434306763,0.09162104894,0.2160837377,0.8445033811
0.0345267204,0.0916220005,0.216267388,0.845018486
0.03471037316,0.09162295205,0.2164510383,0.8455333093
0.03489402593,0.09162390361,0.2166346886,0.8460478566
0.0350776787,0.09162485517,0.2168183389,0.8465621857
0.03526133147,0.09162580672,0.2170019892,0.8470761752
0.03544498424,0.09162675828,0.2171856395,0.8475898896
0.035628637,0.09162770983,0.2173692898,0.848103326
0.03581228977,0.09162866139,0.2175529401,0.8486137232
0.03599594254,0.09162961295,0.2177365904,0.8491803189
0.03617959531,0.0916305645,0.2179202407,0.8497867227
0.03636324808,0.09163151606,0.218103891,0.8503926756
0.03654690084,0.09163246761,0.2182875413,0.8509985411
0.03673055361,0.09163341917,0.2184711916,0.8516042875
0.03691420638,0.09163437073,0.2186548419,0.8522098932
0.03709785915,0.09163532228,0.2188384922,0.8528153782
0.03728151192,0.09163627384,0.2190221425,0.8534208074
0.03746516468,0.09163722539,0.2192057928,0.8540260507
0.03764881745,0.09163817695,0.2193894431,0.8546311914
0.03783247022,0.09163912851,0.2195730934,0.8552362061
0.03801612299,0.09164008006,0.2197567437,0.8558411699
0.03819977576,0.09164103162,0.219940394,0.856449404
0.03838342853,0.09164198317,0.2201240443,0.856938242
0.03856708129,0.09164293473,0.2203076946,0.8566937266
0.03875073406,0.09164388629,0.2204913449,0.8562079141
0.03893438683,0.09164483784,0.2206749953,0.8557449476
0.0391180396,0.0916457894,0.2208586456,0.8552816572
0.03930169237,0.09164674095,0.2210422959,0.8548180982
0.03948534513,0.09164769251,0.2212259462,0.8543542066
0.0396689979,0.09164864407,0.2214095965,0.8538900003
0.03985265067,0.09164959562,0.2215932468,0.8534255585
0.04003630344,0.09165054718,0.2217768971,0.8529607855
0.04021995621,0.09165149873,0.2219605474,0.8524957209
0.04040360897,0.09165245029,0.2221441977,0.8520304115
0.04058726174,0.09165340185,0.222327848,0.8515647436
0.04077091451,0.0916543534,0.2225114983,0.8510555081
0.04095456728,0.09165530496,0.2226951486,0.8510503231
0.04113822005,0.09165625651,0.2228787989,0.8517285589
0.04132187281,0.09165720807,0.2230624492,0.8524693917
0.04150552558,0.09165815963,0.2232460995,0.8532090475
0.04168917835,0.09165911118,0.2234297498,0.8539486841
0.04187283112,0.09166006274,0.2236134001,0.8546883626
0.04205648389,0.09166101429,0.2237970504,0.855428047
0.04224013665,0.09166196585,0.2239807007,0.8561677953
0.04242378942,0.09166291741,0.224164351,0.8569075815
0.04260744219,0.09166386896,0.2243480013,0.8576473382
0.04279109496,0.09166482052,0.2245316516,0.8583871899
0.04297474773,0.09166577207,0.2247153019,0.859127013
0.04315840049,0.09166672363,0.2248989522,0.8598668629
0.04334205326,0.09166767519,0.2250826025,0.8606013213
0.04352570603,0.09166862674,0.2252662528,0.8605247401
0.0437093588,0.0916695783,0.2254499031,0.8599701401
0.04389301157,0.09167052985,0.2256335534,0.8594424411
0.04407666434,0.09167148141,0.2258172037,0.8589143591
0.0442603171,0.09167243296,0.226000854,0.8583858483
0.04444396987,0.09167338452,0.2261845043,0.8578570678
0.04462762264,0.09167433608,0.2263681546,0.8573278208
0.04481127541,0.09167528763,0.2265518049,0.8567983198
0.04499492818,0.09167623919,0.2267354552,0.8562683773
0.04517858094,0.09167719074,0.2269191056,0.8557380619
0.04536223371,0.0916781423,0.2271027559,0.8552073708
0.04554588648,0.09167909386,0.2272864062,0.854676338
0.04572953925,0.09168004541,0.2274700565,0.8541432137
0.04591319202,0.09168099697,0.2276537068,0.8536334993
0.04609684478,0.09168194852,0.2278373571,0.8531981857
0.04628049755,0.09168290008,0.2280210074,0.852781121
0.04646415032,0.09168385164,0.2282046577,0.852362023
0.04664780309,0.09168480319,0.228388308,0.8519425436
0.04683145586,0.09168575475,0.2285719583,0.8515226608
0.04701510862,0.0916867063,0.2287556086,0.8511024445
0.04719876139,0.09168765786,0.2289392589,0.8506818171
0.04738241416,0.09168860942,0.2291229092,0.8502608391
0.04756606693,0.09168956097,0.2293065595,0.8498394531
0.0477497197,0.09169051253,0.2294902098,0.8494176794
0.04793337246,0.09169146408,0.2296738601,0.8489955156
0.04811702523,0.09169241564,0.2298575104,0.8485730107
0.048300678,0.0916933672,0.2300411607,0.8481843719
0.04848433077,0.09169431875,0.230224811,0.8473001767
0.04866798354,0.09169527031,0.2304084613,0.8459100707
0.0488516363,0.09169622186,0.2305921116,0.8445046214
0.04903528907,0.09169717342,0.2307757619,0.843099781
0.04921894184,0.09169812498,0.2309594122,0.8416955055
0.04940259461,0.09169907653,0.2311430625,0.8402918816
0.04958624738,0.09170002809,0.2313267128,0.8388888282
0.04976990014,0.09170097964,0.2315103631,0.8374863294
0.04995355291,0.0917019312,0.2316940134,0.8360843994
0.05013720568,0.09170288276,0.2318776637,0.8346830988
0.05032085845,0.09170383431,0.232061314,0.8332823868
0.05050451122,0.09170478587,0.2322449643,0.8318822759
0.05068816399,0.09170573742,0.2324286146,0.8304827798
0.05087181675,0.09170668898,0.2326122649,0.8290376844
0.05105546952,0.09170764054,0.2327959152,0.8270540031
0.05123912229,0.09170859209,0.2329795655,0.8248076345
0.05142277506,0.09170954365,0.2331632159,0.8225844702
0.05160642783,0.0917104952,0.2333468662,0.820362146
0.05179008059,0.09171144676,0.2335305165,0.8181405743
0.05197373336,0.09171239832,0.2337141668,0.8159198045
0.05215738613,0.09171334987,0.2338978171,0.8136997841
0.0523410389,0.09171430143,0.2340814674,0.8114805524
0.05252469167,0.09171525298,0.2342651177,0.8092621146
0.05270834443,0.09171620454,0.234448768,0.8070444178
0.0528919972,0.0917171561,0.2346324183,0.8048274689
0.05307564997,0.09171810765,0.2348160686,0.8026113231
0.05325930274,0.09171905921,0.2349997189,0.8009354111
0.05344295551,0.09172001076,0.2351833692,0.7931477389
0.05362660827,0.09172096232,0.2353670195,0.7730120037
0.05381026104,0.09172191388,0.2355506698,0.7509005723
0.05399391381,0.09172286543,0.2357343201,0.7288950968
0.05417756658,0.09172381699,0.2359179704,0.7068896546
0.05436121935,0.09172476854,0.2361016207,0.6848842403
0.05454487211,0.0917257201,0.236285271,0.6628788615
0.05472852488,0.09172667166,0.2364689213,0.6408735193
0.05491217765,0.09172762321,0.2366525716,0.6188682085
